0.321300209
0.597557604
0.384993136
0.332846224
0.364608765
0.419079453
0.350184739
0.348422974
0.467124403
0.298433423
0.351045400
0.348300815
0.255433500
0.339981824
0.502139866
0.312702149
0.308538735
0.328994602
0.347475588
0.506389201
0.377993822
0.281205714
0.343866259
0.339803666
0.342820555
0.329145312
0.356582761
0.339992017
0.511324883
0.498041332
0.449596375
0.377710342
0.276435018
0.377770931
0.377738804
0.277322054
0.428064972
0.329747349
0.301660776
0.268209487
0.504709959
0.351029992
0.377341449
0.329747468
0.523410976
0.308998525
0.339833617
0.366043538
0.246594176
0.360922664
0.484727889
0.347363889
0.358704627
0.508118808
0.621854305
0.372971684
0.385918826
0.329697758
0.327653348
0.455788672
0.485532999
0.151848406
0.376924515
0.347431362
0.340065300
0.272433907
0.514645875
0.471198052
0.404488206
0.257058680
0.313508332
0.531032205
0.360217184
0.272754133
0.250809848
0.360555559
0.377469420
0.571264505
0.324387074
0.389291495
0.436433822
0.255437613
0.225877255
0.504426599
0.492428035
0.340064377
0.468170196
0.465083003
0.348138869
0.328444570
0.292790771
0.295068592
0.465304166
0.337057143
0.401401311
0.529602587
0.348555356
0.433463216
0.506575108
0.453152061
0.468308926
0.379685074
0.336129248
0.340189725
0.358828425
0.507499158
0.329631805
0.357120574
0.350319356
0.326263458
0.506342411
0.335792571
0.337856770
0.304291755
0.560488582
0.255158693
0.302618653
0.350188643
0.329732001
0.329797506
0.527561367
0.348166168
0.514024198
0.514593780
0.478004396
0.449513793
0.318940520
0.461818099
0.281175226
0.497309446
0.247494087
0.501937985
0.414753884
0.394268215
0.340195805
0.399174005
0.292298019
0.436412930
0.505601585
0.578780174
0.341935188
0.320125192
0.254308134
0.353975266
0.390967429
0.371298134
0.527058065
0.320396036
0.526585340
0.335085392
0.487381309
0.268430084
0.493693441
0.268202603
0.465443909
0.361902595
0.292504042
0.335777789
0.297413677
0.473103315
0.331687838
0.401808500
0.347359270
0.378520250
0.329723865
0.255433321
0.479037195
0.470896840
0.417130262
0.293963194
0.339033484
0.347543746
0.465574205
0.377715170
0.509353042
0.507367253
0.340430290
0.224371269
0.360325843
0.255430341
0.329747885
0.304384410
0.360986829
0.472414672
0.338916034
0.601042747
0.670871258
0.340128005
0.282824099
0.352299362
0.262401938
0.377558887
0.255433321
0.256320000
0.341405004
0.469845593
0.253376663
0.357277602
0.423319340
0.347351700
